1.000000000020390134e-01 1.000000226073772674e-01 1.000147934153101659e-01 1.000000000091054719e-01 1.000019741478728186e-01 1.000000000072013701e-01 2.099997978625011363e+00 1.000000191849815950e-01 1.000000000021093460e-01 1.099985211998991685e+00
1.000000000728064886e-01 1.000000000530752581e-01 1.100000702072995162e+00 1.000000000608802092e-01 1.100000897286696144e+00 1.100000598015056008e+00 1.099994432944884082e+00 3.099993394206359110e+00 1.000000000753618057e-01 1.000099752118853436e-01
1.000000000311024317e-01 1.106655380124331067e+00 1.000000000145108564e-01 1.000000000260223149e-01 1.056617851172927391e+00 1.000000000215970630e-01 3.136726768538645072e+00 1.000000000165981590e-01 1.000000000322405769e-01 1.000000000220246377e-01
1.099999134230082110e+00 1.000000000422058138e-01 1.000000000256986432e-01 1.100000865435041941e+00 1.000000000318301135e-01 1.000000000661512845e-01 1.000000000383060306e-01 1.000000000313201326e-01 1.000000000572023456e-01 1.000000000421620017e-01
1.121298735120017875e+00 1.000000000062118422e-01 1.000000000039747844e-01 2.099999975979065958e+00 2.319790723617181971e+00 1.000000000059675515e-01 1.000114179235791073e-01 4.858899147329130308e+00 1.000000000088159535e-01 1.000000000060555783e-01
1.000000000069885819e-01 1.100000090254802609e+00 2.100000094962756858e+00 1.099986142533462496e+00 1.000000000040364712e-01 1.000000000048971993e-01 1.000136176660108150e-01 1.000000000037919307e-01 1.100000054558311069e+00 1.000000000049425380e-01
1.000000000016262464e-01 1.000000000011856127e-01 6.087661928987470716e+00 1.000000000013587520e-01 1.000019702717200865e-01 1.000000000011302265e-01 1.112336100731791566e+00 1.000000000008847978e-01 1.000000000016818269e-01 1.000000000011504603e-01
1.000000000462150096e-01 1.100302967098934381e+00 1.100004386186949734e+00 1.000066186849192934e-01 1.099999990638357295e+00 1.000000000320521304e-01 1.000048480314075228e-01 1.944998219358425873e+00 1.100031541941228985e+00 1.254651427981509526e+00
2.100003015066236323e+00 1.107284490617362227e+00 2.089642546548818203e+00 1.000000000489246477e-01 1.000137155072565176e-01 1.000000000407113704e-01 1.000000433031575375e-01 1.000000009682317226e-01 2.099993885483728562e+00 1.103062302415574125e+00
1.000000000114778242e-01 1.100000030692140696e+00 1.000039387428369592e-01 1.000000000095988134e-01 1.000000193696271994e-01 3.099996254365229742e+00 1.000000000079478840e-01 1.099999756781153248e+00 1.000000000118724947e-01 1.000000000081150281e-01
1.000000000274763046e-01 1.099999242111008524e+00 1.000000000127991978e-01 2.100001010898423726e+00 1.100000197045250649e+00 1.000000000191002547e-01 1.099998788730524257e+00 1.100000164527399571e+00 1.100000589990728805e+00 1.000000066372895013e-01
1.175973898525271011e+00 1.000032421720958159e-01 1.000027535349275465e-01 1.000032165419514896e-01 2.190855073778203099e+00 1.000000000025425828e-01 4.933147836464946145e+00 1.000053745705229424e-01 1.000000000037913200e-01 1.000086044057472145e-01
1.100000037799667929e+00 1.100000046036989421e+00 1.000156059976894662e-01 1.100000026780126872e+00 1.000368808113983599e-01 1.119080013722459688e+00 1.000089534094353444e-01 1.000000000492572844e-01 1.000000000251131393e-01 3.080858435367861858e+00
1.100000165779405625e+00 1.000279040536035946e-01 1.099972084398804562e+00 1.000000051873622536e-01 1.100000110334344638e+00 1.000000000066849914e-01 1.000000000066639805e-01 1.000000000051347593e-01 1.000000000099472847e-01 1.099999730218048422e+00
1.000000000021784158e-01 1.000000000016018215e-01 1.099978650642916334e+00 1.000001681981150525e-01 1.000213476508940158e-01 2.100000031229655839e+00 1.099999968172269194e+00 1.099999831694816077e+00 1.000000000022510938e-01 1.000000024053022407e-01
1.099999927920549236e+00 1.000000000055812077e-01 1.000002756167250734e-01 1.000000000063953759e-01 2.099999864389192616e+00 1.000000000053167803e-01 1.000000000053010707e-01 1.099999932037613926e+00 1.000000000079139389e-01 1.000000000054105664e-01
1.000000000127064664e-01 1.100000149959184270e+00 1.000000000058878236e-01 1.000000000105784742e-01 1.000000000072868850e-01 1.000000000087917368e-01 1.000000000087657992e-01 1.000000000067556433e-01 2.099999849971101007e+00 1.000000000089421581e-01
1.000000000223146140e-01 1.000000000162691305e-01 1.000000000169932735e-01 1.100000384991238755e+00 1.000000000128667410e-01 1.000000000155003982e-01 1.000000000154786656e-01 1.000000000119142807e-01 2.100000836449586128e+00 2.099998778447837999e+00
1.000000000834712771e-01 1.099996584396431443e+00 1.000354631085311613e-01 1.000000000694406949e-01 1.000169308378112271e-01 1.100000926359556708e+00 1.099996446534335925e+00 2.099949600191452603e+00 2.100004048360256892e+00 1.000000000587124571e-01
1.000000000597466299e-01 1.100000912229224026e+00 3.099482166553413798e+00 1.000000000496829161e-01 1.100000687942741084e+00 1.100516232989568133e+00 1.000000000408506062e-01 1.000000000314855281e-01 1.000000000615711288e-01 1.000000000417161500e-01
1.000000000021794150e-01 1.000000000016025431e-01 1.099974156137754067e+00 1.000001681982717605e-01 1.000258437256202615e-01 2.100000031289647406e+00 1.099999968215033652e+00 1.099999830015807589e+00 1.000000000022521207e-01 1.000000024118311986e-01
1.000000000036748993e-01 1.000290448143234950e-01 1.100000016870108510e+00 1.000000000030712710e-01 1.099999994373577206e+00 1.000000000025518115e-01 1.099970943924327038e+00 1.000000000019668489e-01 1.000000000038008402e-01 1.000000000025986907e-01
1.000000000149994794e-01 1.000000000108419440e-01 1.000209686147846416e-01 1.103723864857171000e+00 9.937525869182660676e-01 2.677009166487120062e+00 1.000152848008673268e-01 1.096124675018566919e+00 1.629334250851127930e+00 1.000192024262550744e-01
1.000000000173057735e-01 1.099999593655441865e+00 2.228929282311283178e+00 1.100000235747553567e+00 1.099963717093222826e+00 1.099998886714482982e+00 1.000000000119941751e-01 1.000000074824013152e-01 1.000363548278763171e-01 4.971071922138438737e+00
1.000090576927985669e-01 1.400079781692796788e+00 1.000239524801689733e-01 1.000094216808604664e-01 1.000000009331529077e-01 1.099969864574235290e+00 1.000180864974222622e-01 1.799876213318419627e+00 2.099999324569253201e+00 1.000142965608921269e-01
1.106562018969709849e+00 1.000051564880766602e-01 2.306105175449387978e+00 1.000000001114536990e-01 1.299055007029286113e+00 1.187149245731671687e+00 1.000355964710226836e-01 4.592698666561051191e+00 1.108389133177999364e+00 1.000000000103413028e-01
1.000000007381043193e-01 2.100015716375897679e+00 1.000000003444332514e-01 1.000937317238750207e-01 1.000000004092850697e-01 1.000000004916698354e-01 2.099862383374687003e+00 1.000122117368743430e-01 1.100015954304818022e+00 1.000000005003551934e-01
1.000000000000000056e-01 1.000000000000000056e-01 1.000000000000000056e-01 1.000000000000000056e-01 1.000000000000000056e-01 1.000000000000000056e-01 1.000000000000000056e-01 1.000000000000000056e-01 1.000000000000000056e-01 1.000000000000000056e-01
1.000000000223135593e-01 1.000000000162687003e-01 1.000000000169925102e-01 1.100000384990701630e+00 1.000000000128661998e-01 1.000000000155004537e-01 1.000000000154779578e-01 1.000000000119140864e-01 2.100000836447771135e+00 2.099998778450194337e+00
1.000000000182660609e-01 1.000000000133079714e-01 1.000000000085131818e-01 1.100464586707945891e+00 1.000000000105279868e-01 1.000000000126824440e-01 1.000189854259694588e-01 2.099516427770972360e+00 1.000000000189048971e-01 1.000000000129098593e-01
1.000025089164848224e-01 1.000027720591050440e-01 4.258821527575506138e+00 1.162454762123673602e+00 1.000053779889597677e-01 1.000000000055387556e-01 3.455210780872429055e+00 1.523502206800482872e+00 1.000000000082180568e-01 1.000000636496014839e-01
1.000000000068381328e-01 1.000653334560658025e-01 1.000000000031834868e-01 1.100000097012887146e+00 1.000000000039412279e-01 1.099999841841310833e+00 2.099926457728512386e+00 1.000082699353290749e-01 1.000000000070798700e-01 1.000000000048522214e-01
1.100000147714079057e+00 1.100000196664745689e+00 3.197928070604755479e+00 1.000000000120568333e-01 1.100000071590863548e+00 1.000000000100231823e-01 3.002023607409980865e+00 1.000000000076977924e-01 1.000000000149219720e-01 1.000479059708761359e-01
1.000000000922702248e-01 1.100001336926550000e+00 2.100001807371508988e+00 1.100001112470255560e+00 1.000001515459524176e-01 1.099998040463379567e+00 1.099997589819192489e+00 1.099999961151279626e+00 1.000000000947360579e-01 1.000000000648755688e-01
1.000060721343086489e-01 1.000064225126207074e-01 1.000204507652122793e-01 1.000281175959822078e-01 2.275442196663664429e+00 1.084179794466385349e+00 2.940310202265511652e+00 1.000105173347251020e-01 1.099995322463414027e+00 1.100000903798175944e+00
1.000047568772022277e-01 1.000049752622254456e-01 1.000042240368532037e-01 1.000049357135377875e-01 1.000000004850865321e-01 1.000000000002866790e-01 1.000096070293016864e-01 4.099964141342473667e+00 1.000000000004312856e-01 1.000073592526011662e-01
1.000000000062101074e-01 1.000000000045250664e-01 1.000000000028872654e-01 1.000000000051882165e-01 1.099999918489076300e+00 1.000000000043120979e-01 1.000000000042995940e-01 1.000000000033140629e-01 1.100000081475800862e+00 1.000000000043867465e-01
1.000000000029001440e-01 1.100309324977306602e+00 1.245229511030690572e+00 1.000000000070209172e-01 1.000012258982618946e-01 1.000000000056071731e-01 3.099689423366189800e+00 1.000000119152582578e-01 1.000000000029999253e-01 1.954770502793765852e+00
1.099999984199044656e+00 1.099999859507189592e+00 1.100023172432564644e+00 1.000000000155094881e-01 1.099976983778349515e+00 1.000000000125732258e-01 1.000000000125337851e-01 1.000000000107168496e-01 1.000000000187283994e-01 1.000000000127899968e-01
1.000039852576084937e-01 1.205744946068304735e+00 1.000035388116195384e-01 1.204785456644046793e+00 1.000000004080876664e-01 1.000000000022088636e-01 2.761784564972031841e+00 1.227677507830533532e+00 1.000000000032932185e-01 1.000000000022653462e-01
1.839244717181441224e+00 1.099999761107549379e+00 1.000000000051260995e-01 1.211149211120852165e+00 1.000033960305426045e-01 1.000000016704944428e-01 1.000000000076308182e-01 2.249602780789143441e+00 1.000000000113996645e-01 1.100000132075820369e+00
1.000000000114021903e-01 1.000000006645033052e-01 4.001879575294669422e+00 1.000000000095184333e-01 1.196582561057530691e+00 1.000000000079183243e-01 1.000018619595060276e-01 1.000000000060764643e-01 1.000000000117962362e-01 1.101536000977078267e+00
1.100000369869833072e+00 1.000000000155885499e-01 1.100000180134831140e+00 1.099998662371360014e+00 1.100000011139190548e+00 1.000000000148383167e-01 1.000000000150720325e-01 1.000000000114135285e-01 1.000000000220866159e-01 2.100000776405786862e+00
1.000037593476729714e-01 1.000039304976212962e-01 1.000033382169807084e-01 1.000038995214195120e-01 1.000000003859008446e-01 1.000334085052019539e-01 2.645398413706476326e+00 2.554553167621624876e+00 2.100000064745149331e+00 1.000000174519523610e-01
1.000000000031707748e-01 1.000000000023099356e-01 1.000000000014742291e-01 1.000000000026503716e-01 1.000000000018261281e-01 1.000000000022012586e-01 1.000000000021951940e-01 1.099999958868228545e+00 1.000000000032786884e-01 1.100000041112665139e+00
1.000000000031678743e-01 1.000000000023095470e-01 1.794110671945171154e+00 1.000000000026498165e-01 1.405889328035090147e+00 1.000000000022026880e-01 1.000000000021966651e-01 1.000000000016919577e-01 1.000000000032804509e-01 1.000000000022399499e-01
1.000000000069884987e-01 1.100000090253408169e+00 2.100000094960312147e+00 1.099986160563626081e+00 1.000000000040364295e-01 1.000000000048971438e-01 1.000135996419686674e-01 1.000000000037918890e-01 1.100000054556029117e+00 1.000000000049424825e-01
1.000090577506902723e-01 1.400091054975126426e+00 1.000239523835742550e-01 1.000094217409129016e-01 1.000000009331587919e-01 1.099969864674761100e+00 1.000180866161434062e-01 1.799864939800046137e+00 2.099999324566930614e+00 1.000142965586567623e-01
1.000000000594798155e-01 1.000000000431972846e-01 1.000000000275908935e-01 1.000000000495366997e-01 1.000000000341854239e-01 1.000000000411784828e-01 1.099996683912964679e+00 1.000000000316352000e-01 2.100003315758335987e+00 1.000000000418960477e-01
1.000000000320264704e-01 1.000000000233560726e-01 1.227486881194452817e+00 1.000000000267728395e-01 1.000702845283911874e-01 1.100000300182886415e+00 9.725138104191211053e-01 1.000000000170927356e-01 1.000000000331351252e-01 2.099928723542765052e+00
2.297386230553082331e+00 1.201675294666719740e+00 3.404138392793960577e+00 1.000033438164540794e-01 1.000342895139129801e-01 1.100000218654167305e+00 2.496756565618668322e+00 1.000055829598185952e-01 1.000000000187125093e-01 1.000000814045032549e-01
6.099987242229650164e+00 1.000132649386378664e-01 1.000000000052100879e-01 1.000014026695804220e-01 1.000000001156335222e-01 1.000000221409245577e-01 1.099999378811390427e+00 1.000000000073908712e-01 2.099998689073674374e+00 1.000000000079074858e-01
1.000000176556610082e-01 1.100001020869768587e+00 1.000000000326135424e-01 1.000000000584444632e-01 3.151208777185404486e+00 1.000000000489647128e-01 1.048794904635427905e+00 1.099995279390916902e+00 1.000000000723433868e-01 1.000000000504552150e-01
3.099916508792939229e+00 1.000119083975849477e-01 1.000101162156612766e-01 1.000160784613925158e-01 1.000000011597341060e-01 1.000000000002534972e-01 1.000247798560516543e-01 1.000206071156835158e-01 1.000000000003897077e-01 1.000000000003092027e-01
1.250628235922306652e+00 1.000058740092822362e-01 2.317090276790864767e+00 1.257374441515469954e+00 2.041384565048111277e+00 3.248938833323169018e+00 1.484533252094087485e+00 1.000097162037307114e-01 1.000102094792811591e-01 1.000245956136967956e-01
1.000000176393555790e-01 1.100001020840766008e+00 1.000000000326127930e-01 1.000000000584430615e-01 3.151148932897941624e+00 1.000000000489635749e-01 1.048854749080105897e+00 1.099995279279015747e+00 1.000000000723416937e-01 1.000000000504543129e-01
1.000000000043958920e-01 1.000001588854270568e-01 3.357287765864036544e+00 1.099999963903276923e+00 2.842679795167752044e+00 1.000000000030645125e-01 1.000295636028013940e-01 1.000000004575062745e-01 1.000000000045445647e-01 1.000027521071947811e-01
1.000000000181435755e-01 1.107217451894083826e+00 1.219545599880454079e+00 1.000294922402595460e-01 4.835544524638481612e+00 1.100000120145030014e+00 2.237662283862860590e+00 1.000000000171140102e-01 1.100000209007389929e+00 1.000003182961836379e-01
1.101647478835710015e+00 2.091760208515368813e+00 1.224553475687152782e+00 1.000000627359930033e-01 1.978571288464427314e+00 1.101149925163912968e+00 1.101147750438285611e+00 1.000000400804165052e-01 1.000000776509356454e-01 1.101169692427798052e+00
1.000000000046378373e-01 1.335775551472475842e+00 1.000194241284579622e-01 1.000041739133791796e-01 1.000000861724351375e-01 1.000000000408770295e-01 1.099999903413982683e+00 4.863747973575060612e+00 1.000000000047975290e-01 2.100452887273896341e+00
1.000044818756479353e-01 2.403255152840419129e+00 1.364125917996033666e+00 2.394874101215352713e+00 1.962095786029112832e+00 1.100000147288060059e+00 1.375636650758709889e+00 1.000077619734329043e-01 1.000000000137964279e-01 1.000000000094353886e-01
1.100000314167357329e+00 1.000000001108692221e-01 1.099991409033236556e+00 1.000000001270335281e-01 1.100000959815220281e+00 1.000000001056638027e-01 1.100002025973969344e+00 1.000000000811703815e-01 1.100001214087901635e+00 2.100004076497579142e+00
1.000000005749308585e-01 1.100000401223874213e+00 3.524330181737185708e+00 3.099991319105755760e+00 1.675197101842449410e+00 1.100450976205290310e+00 1.000000000203098705e-01 1.000000359783783932e-01 1.000000000303270936e-01 1.000299832814988549e-01
1.000000000014978352e-01 1.000000000010916601e-01 1.099966922560236426e+00 1.000000000012520457e-01 1.000000000008646334e-01 1.000000000010411866e-01 1.000000000010375228e-01 1.000000000007993245e-01 1.000000000015495993e-01 1.000330774306297937e-01
